

#poly0
0.0, 0.0,
0.0, 2.0,
2.0, 2.0,
2.0, 0.0,
0.0, 0.0,
END

#poly1
4.0, -0.5, 
3.5, 1.0,
2.0, 1.5, 
3.5, 2.0,
4.0, 3.5, 
4.5, 2.0,
6.0, 1.5, 
4.5, 1.0,
4.0, -0.5,
END

#poly2
2.0, 1.3,
2.4, 1.7,
2.8, 1.8,
3.4, 1.2,
3.7, 1.6,
3.4, 2.0,
4.1, 3.0,
5.3, 2.6,
5.4, 1.2,
4.9, 0.8,
2.9, 0.7,
2.0, 1.3,
END

#poly3
0.0, 0.0, 
5.0, 5.0, 
9.0, 0.0, 
0.0, 0.0,
END

#poly4
5.0, 1.0, 
10.0, 5.0, 
10.0, -2.0, 
5.0, 1.0,
END


#poly5
0.0, 0.0, 
0.0, 5.0, 
3.0, 5.0, 
1.0, 2.0,
3.0, 0.0, 
0.0, 0.0,
END


#poly6
5.0, 0.0, 
10.0, 5.0, 
14.0, 0.0, 
5.0, 0.0,
END